532.5873008262494
945.6910111747403
189.04532988337098
855.4156089949912
906.2709133784026
985.8834888857389
397.2132443631001
513.7282390224237
485.5289537617977
129.79410960961422
586.4646644070814
659.4282581347937
963.211886335822
910.5153882058381
260.95482686350493
666.600402195189
543.7964674462044
444.80995013326253
864.806567857187
116.59010713465912
84.43538793476712
17.936637851981963
530.9601791370212
169.8479412408902
247.57404756476075
494.84004829518705
88.91973173613654
897.8197013483326
175.6630193997869
116.32797294014097
65.06956826449873
813.6823793537857
90.0962752705612
357.0249821448761
316.4602648553125
599.5151965751921
389.3569898563196
171.304506884407
627.4404559326517
817.5336323978486
275.4539904396339
134.06605990439834
68.23717497707393
214.30406230658804
673.0838194541768
695.1378403439749
165.56422285007412
79.3948696978234
222.55479504632237
9.249520190437899
967.5642355960526
3.7096562315305226
425.36086785054096
577.9337889823672
898.867210198594
297.7869733275739
600.3948227620499
245.37932275869977
896.2743521776481
276.640069529587
169.14211995141238
927.1719463366697
691.552663687134
595.2488839053316
929.7975603385427
819.0249639979307
265.0529482283045
827.6064790469759
403.0994112160007
732.0132124128606
432.33940954131134
522.2600203226034
36.77640413154282
631.4903527947414
245.74634395448115
38.57639843314187
40.855159344548085
418.78173527299947
393.7539746558132
570.5011433727321
892.6767894801546
487.9104119644734
63.30138711458078
898.3685502437337
98.3231348313649
614.0273887797822
793.632032396845
574.3598581564514
626.2546284519179
285.881001285044
694.9929123177747
443.49556320055774
539.3134042587931
681.5750922031935
31.485744720657905
629.5868942624282
742.8467372065589
105.02902849468676
574.5948487897338
374.36052371043104
